# Created by Octave 4.0.0, Thu Dec 20 00:51:56 2018 EAT <kidist@kidist-Satellite-L50t-B>
# name: all_theta
# type: matrix
# rows: 9
# columns: 65
 4.480273075212633 0.211154231589415 0.3378585656642906 0.4879366142836293 0.1005853757434858 0.3101393802842204 0.1800276773168028 0.003169087214074983 -0.07950767906919144 -0.3006193918414004 -0.6186157536038006 -0.8006066318200921 -1.463121247358914 -1.463121247358914 -0.3435167884503865 -0.04500604205452048 0.02470290141188943 0.6347614544292043 -0.3873389461852078 -0.408435372932548 -0.3659115009377645 -0.9593606004107921 -0.5190845601469106 -0.1092414202651566 0.0627350190298175 0.4056851680560271 0.1328842893102327 0.11074011823795 -0.002966492717439412 -0.4825317793971485 -0.01847483270703443 0.207282274620405 0.005051711096777763 0.09345020008620548 0.0715531967295852 0.1119732068636172 -0.008037325424083508 -0.1729262817328367 -0.2164465151183536 -0.1105132587049139 0.01931015773883675 0.1899294315064783 0.0860835837229998 0.1486514025165186 0.1736951960631156 -0.8858834259382964 -0.7680921456655239 -0.620845261003937 0.09047442600462458 0.1889171788851475 0.2762390167304141 0.1094392585396201 -0.3542326814803569 -0.9452757841982098 -0.9306902386886969 -0.6439535335453092 -0.03294198589305537 -0.3193850350781147 0.004791434953214343 0.1014608890822097 0.126732347589405 0.1436039608170774 -0.4167653743384111 -0.4549725846115257 -0.5548267506552607
 -6.22303194748825 0.7447787227988555 0.2039955091940336 -0.04458516663338631 -0.2325973670820291 -0.006097636477605079 0.004233110468570837 0.02879976503906672 0.6618020622468279 -0.09727804361292086 -0.485237411379383 -0.2297420394552487 0.5329466489550856 0.5329466489550856 -0.4209621015055636 -0.3908066081304241 0.06882994377876009 -0.5715232242883824 0.09014567467849853 0.1919002480906157 0.1921414381039012 0.5193914170764752 0.1775768258069618 -0.3967983345242425 -0.7269266198788803 0.01332879046199346 0.2576082366715114 0.3627020654242686 0.6025062822687822 0.3042275895446797 -0.1315229191470723 -0.9309597830615417 -0.2002178652760089 0.4022733906019269 0.1059155312071305 0.5257684029691484 -0.2286155997267236 0.358915510909126 0.02778110725552098 -0.01566543478559665 0.7712513388704151 0.7246671284504574 -0.8232769799289048 -1.098685854658607 -0.8571421658274163 0.5584015586636191 0.4787304009031831 0.2942758581349242 1.10934268792303 -0.4770696518284379 -0.5413416719121108 -0.2567021990295394 0.2280959007296636 0.5313324604140625 0.3912023215761269 0.1833642164955402 1.40503069178778 -1.011941443398126 -0.4462164295282981 -0.4164425824717665 -0.4321363016102792 -0.4302050350096751 -0.4288320364819362 -0.5767917751456815 -1.156647373927888
 -8.527802351525477 -0.57220414504405 -0.8843546386837289 -0.4961120185617081 -0.4220749416690232 -0.3335385933668962 0.1187542494035439 0.4377997745497604 0.4178260220636901 0.5989599733498775 0.8343049364490455 0.2871803088593154 0.1395010083226433 0.1395010083226433 -0.08821278104438174 -0.4949633769238344 -0.428761961771838 1.990503849120168 0.1422457992277951 -0.2196197877773202 -0.2068575363302592 -0.1130459156629521 0.2853979789229188 0.6629447291132418 -1.141342190410718 1.232271398899047 1.286673776721173 1.462687958476697 0.5214475243256979 0.1972685887629672 -0.08503612997054691 -0.6228975780618532 -0.7730406275061578 1.067106470970029 0.7254206476554137 0.690421412206582 0.6398804288461702 -0.1615279809879751 -0.05573953870976262 -0.2714661545277312 -0.09334141749191055 0.1992888625581615 0.6425657827329528 0.7057206164002796 0.2731498236291136 0.1681917948914699 -0.2265485569550417 -0.8187037782845881 -1.111585241041454 -0.6640411596903045 0.1423336889716323 0.02720854141310855 -0.09900036051614364 0.126608588761852 0.1061994710958156 -0.3744705071985438 -1.498785645256432 -0.1336917168754977 -0.9729107658921979 -0.8311114578728781 -0.8214857647141314 -0.6341915690522278 -0.6340614009384969 -0.1879981488212246 0.8028132779981689
 -8.020489448875713 -1.187297998837585 0.6846010141344293 1.078869914288988 1.237411167367607 1.319838028035092 1.47656320365973 1.013001604247454 -0.8589188573087974 -0.38674715002492 0.402558716897048 0.3771409473473128 0.1505765392031204 0.1505765392031204 0.1653255116205587 0.2310747555011318 -0.2517372913428219 -0.3650392937581867 0.03639427830362055 -0.04363130896625837 -0.03072698901717898 -0.01952437916694117 0.1920891253390061 0.2495852218217826 -0.3434879835514787 -0.3289705606622598 -0.02990719369339914 -0.2470884025819878 -0.2358808299229087 -0.2025040689467683 0.02582796728379006 0.02578914225199599 -0.3309070738282119 -0.3474304112360344 -0.1397890023797461 -0.1329086260464075 -0.2298094956732413 -0.1551265332113366 -0.1337550175775478 0.1525359565690918 -0.01250277751377019 0.1635193541455958 0.04002962064089069 0.03574416682882867 0.1740144109227891 0.1491300279432038 0.1537102531532612 0.1361185665040001 -0.1517977945246092 0.1777479519150108 0.04006386052069524 0.05262038550323291 -0.01102485439539241 -0.0005700899955211006 0.1572860950581058 0.1723227577257666 -0.1599638394821414 0.2629677744945658 0.3343618684842887 0.4102259505036593 0.4247913868949005 0.4330640505343464 0.5713063597839085 0.4588963460385705 -0.3032473021339444
 -6.083093202650941 -1.441371634605067 -0.4988368400355941 -0.3116554728398461 -0.2632717720815767 -0.2084094357529771 -0.2644996711136445 -0.60684844787161 -1.186737536884221 -0.8140402129720449 0.6629607180911556 0.153309973602948 0.07510375543920697 0.07510375543920697 0.04821823069357885 0.1450210475744615 2.52901667965763 -0.9305643495291535 0.02615691128161195 -0.003435016533024259 -0.2203094914977701 -0.1559729878292087 -0.02193920612002338 0.1963199954003017 1.602003332692112 -0.6848427011655946 -0.08958543225255984 -0.3941440846101103 -0.3188980103735705 -0.1473236609897104 -0.4121288962212434 0.283840893158113 -0.08312083522935547 0.7015424555211699 -0.1541551974197665 -0.04630580793632989 0.2888513172954814 0.4141170066688979 0.310945168693104 0.4855138669286098 -0.5612006017160336 1.412371033380603 0.03063400511555227 0.1594172339109949 0.1737973624955597 0.1189179351997031 0.07111830262046896 -0.06938572750863832 -0.4754191862421362 0.4087094158945764 0.2121811389418499 0.1395777489711573 0.06433872094280636 0.08573739706013134 -0.1540281062457668 -0.07451484606869134 -0.4104795775915867 -0.6339398040896176 -0.06433916185300335 -0.5147950094913939 -0.4687853563029706 -0.5008411417105041 -0.2946003083666825 0.3187944886655276 0.4718964279474941
 -4.912182697793164 1.156065292512153 -0.4671087326315 0.2658545748918763 0.3780640784841077 -0.07081145061231403 -0.3598741077714311 -0.541938166311721 0.5512066367233184 -0.3329494896414036 -1.057886716733311 -0.1699808153480889 0.130233410758833 0.130233410758833 0.394412995571257 0.204948032846548 -1.017309510872559 -0.7057410393210874 0.2678429369971669 0.1036007503187277 0.1203790228470997 0.1440586825597447 0.3440239417140894 0.548857378555871 2.583241013725594 -2.015032309979503 -0.05793436976872631 -0.3632753006469882 -0.2296439243146946 -0.1625983243944849 0.6985807671663576 0.3896799823463412 1.650555896042731 -1.048003464460034 -0.3051046494058113 0.280801842653196 0.06877646971328893 0.2345713517739547 0.0202635442134819 -0.7386592562865886 -0.2987703048287919 -1.459355446361205 -0.3347820101784929 -0.2741290149799352 0.3692864191393392 0.1866447580039035 0.08636190138095488 0.08904486476514628 -0.3017646910373424 -0.1928943804763419 -0.6649951172910615 -0.3242666420489725 0.1119649849406469 0.1330935483195623 0.1359770438300307 -0.2541051165865585 0.1562016521675032 0.7767683598107717 0.6079150753654134 -0.2512923356614497 -0.2462820310327937 -0.2471561623698915 -0.2667945724589929 -0.2909224942979827 -0.155531982011386
